                 0
0.0161928181560403
0.0323856363120806
 0.048578454468121
0.0647712726241613
0.0809640907802016
0.0971569089362419
 0.113349727092282
 0.129542545248323
 0.145735363404363
 0.161928181560403
 0.178120999716444
 0.194313817872484
 0.210506636028524
 0.226699454184564
 0.242892272340605
 0.259085090496645
 0.275277908652685
 0.291470726808726
 0.307663544964766
 0.323856363120807
 0.340049181276847
 0.356241999432887
 0.372434817588928
 0.388627635744968
 0.404820453901008
 0.421013272057049
 0.437206090213089
 0.453398908369129
  0.46959172652517
  0.48578454468121
  0.50197736283725
 0.518170180993291
 0.534362999149331
 0.550555817305371
 0.566748635461412
 0.582941453617452
 0.597662197395671
 0.612382941173889
 0.627103684952108
 0.641824428730326
 0.656545172508545
 0.671265916286763
 0.684648410630598
 0.698030904974433
 0.711413399318268
 0.724795893662103
 0.738178388005938
 0.751560882349773
 0.764943376693608
 0.778325871037443
 0.791708365381278
 0.805090859725113
 0.818473354068948
 0.831855848412783
 0.845238342756618
 0.857404246705559
   0.8695701506545
 0.881736054603441
 0.893901958552382
 0.906067862501322
 0.918233766450263
 0.930399670399204
 0.942565574348145
 0.954731478297086
 0.966897382246027
 0.979063286194968
 0.991229190143909
  1.00339509409285
   1.0144550067737
  1.02551491945456
  1.03556938552806
  1.04562385160157
  1.05476427530476
  1.06390469900794
  1.07304512271113
  1.08218554641431
   1.0913259701175
  1.10046639382069
  1.10960681752387
  1.11791629361768
  1.12547036279387
  1.13302443197005
  1.14057850114624
  1.14813257032243
  1.15568663949861
   1.1632407086748
  1.17079477785099
  1.17834884702718
  1.18590291620336
  1.19345698537955
  1.20101105455574
  1.20856512373192
  1.21611919290811
   1.2236732620843
  1.23122733126049
  1.23878140043667
  1.24633546961286
  1.25388953878905
  1.26144360796523
  1.26899767714142
  1.27655174631761
  1.28410581549379
  1.29165988466998
  1.29921395384617
  1.30676802302236
  1.31432209219854
  1.32118942781326
  1.32805676342797
  1.33492409904269
   1.3417914346574
  1.34865877027212
  1.35552610588684
  1.36239344150155
  1.36863647387857
  1.37487950625558
  1.38112253863259
  1.38736557100961
  1.39360860338662
  1.39985163576364
  1.40609466814065
  1.41233770051766
  1.41858073289468
  1.42482376527169
  1.43106679764871
  1.43730983002572
  1.44355286240273
  1.44979589477975
  1.45603892715676
  1.46228195953377
  1.46852499191079
   1.4747680242878
  1.48044350826691
  1.48611899224601
  1.49179447622511
  1.49746996020422
  1.50314544418332
  1.50830497507341
  1.51346450596351
   1.5186240368536
  1.52331451948096
  1.52800500210832
   1.5322690772241
  1.53653315233988
  1.54079722745566
  1.54506130257144
  1.54932537768722
    1.553589452803
  1.55785352791878
  1.56211760303456
  1.56638167815034
  1.57064575326612
   1.5749098283819
  1.57917390349768
  1.58343797861346
  1.58770205372924
  1.59196612884502
   1.5962302039608
  1.60049427907659
  1.60475835419237
  1.60902242930815
  1.61328650442393
  1.61755057953971
  1.62181465465549
  1.62607872977127
  1.63034280488705
  1.63460688000283
  1.63887095511861
  1.64313503023439
  1.64739910535017
  1.65166318046595
  1.65592725558173
  1.66019133069751
  1.66445540581329
  1.66871948092907
  1.67298355604485
  1.67685998796829
  1.68073641989172
  1.68461285181516
   1.6884892837386
  1.69236571566203
  1.69624214758547
  1.70011857950891
  1.70399501143234
  1.70787144335578
  1.71139547237709
  1.71491950139839
   1.7184435304197
  1.72196755944101
  1.72549158846231
  1.72901561748362
  1.73253964650492
  1.73606367552623
  1.73958770454754
  1.74311173356884
  1.74663576259015
  1.75015979161145
  1.75368382063276
  1.75720784965407
  1.76073187867537
  1.76425590769668
  1.76777993671799
  1.77130396573929
   1.7748279947606
  1.77803165750724
  1.78123532025388
  1.78443898300052
  1.78764264574717
  1.79084630849381
  1.79404997124045
  1.79725363398709
  1.80045729673373
  1.80366095948037
  1.80686462222702
  1.81006828497366
  1.81298070565242
  1.81589312633119
  1.81880554700995
  1.82171796768872
  1.82463038836749
  1.82754280904625
  1.83045522972502
  1.83336765040378
  1.83628007108255
  1.83919249176131
  1.84210491244008
  1.84501733311884
  1.84792975379761
  1.85084217447637
  1.85348982963889
   1.8561374848014
  1.85854444404005
   1.8609514032787
  1.86335836251735
    1.865765321756
  1.86817228099465
   1.8705792402333
  1.87298619947195
  1.87539315871059
  1.87780011794924
  1.88020707718789
  1.88261403642654
  1.88480218118895
  1.88699032595136
  1.88917847071377
  1.89136661547617
  1.89355476023858
  1.89554398274986
  1.89753320526114
  1.89952242777242
   1.9015116502837
  1.90350087279498
  1.90549009530626
  1.90747931781754
  1.90946854032882
   1.9114577628401
  1.91344698535139
  1.91543620786267
  1.91742543037395
  1.91941465288523
  1.92122303698639
  1.92303142108755
  1.92483980518872
  1.92664818928988
  1.92845657339105
  1.93026495749221
  1.93207334159337
  1.93388172569454
   1.9356901097957
  1.93749849389686
  1.93930687799803
  1.94111526209919
  1.94292364620036
  1.94473203030152
  1.94654041440268
  1.94834879850385
  1.95015718260501
  1.95196556670617
  1.95377395080734
  1.95541793635385
  1.95706192190036
  1.95870590744688
  1.96034989299339
   1.9619938785399
  1.96363786408641
  1.96528184963293
  1.96692583517944
  1.96856982072595
  1.97021380627246
  1.97185779181898
  1.97350177736549
    1.975145762912
  1.97678974845851
  1.97843373400503
  1.98007771955154
  1.98172170509805
  1.98336569064456
  1.98500967619107
  1.98665366173759
   1.9882976472841
  1.98994163283061
  1.99158561837712
  1.99322960392364
  1.99487358947015
  1.99651757501666
  1.99816156056317
  1.99980554610969
   2.0014495316562
  2.00309351720271
  2.00473750274922
  2.00638148829574
  2.00802547384225
  2.00966945938876
  2.01131344493527
  2.01295743048179
   2.0146014160283
  2.01624540157481
  2.01788938712132
  2.01953337266784
  2.02102790498285
  2.02252243729786
  2.02401696961287
  2.02551150192788
  2.02700603424289
   2.0285005665579
  2.02999509887292
  2.03148963118793
  2.03298416350294
  2.03447869581795
  2.03597322813296
  2.03746776044797
  2.03896229276298
  2.04045682507799
  2.04195135739301
  2.04344588970802
  2.04494042202303
  2.04629908776395
  2.04765775350487
  2.04901641924579
  2.05003720492642
  2.05105799060705
  2.05207877628768
  2.05309956196831
  2.05412034764894
  2.05514113332957
   2.0561619190102
  2.05718270469083
  2.05820349037146
  2.05922427605209
  2.06024506173273
  2.06126584741336
  2.06228663309399
  2.06330741877462
  2.06432820445525
  2.06534899013588
  2.06636977581651
  2.06739056149714
  2.06841134717777
   2.0694321328584
  2.07045291853903
  2.07147370421966
   2.0724944899003
  2.07351527558093
  2.07453606126156
  2.07555684694219
  2.07657763262282
  2.07759841830345
  2.07861920398408
  2.07963998966471
  2.08066077534534
  2.08168156102597
   2.0827023467066
  2.08372313238723
  2.08474391806786
   2.0857647037485
  2.08678548942913
  2.08780627510976
  2.08882706079039
  2.08984784647102
  2.09086863215165
  2.09179661913404
  2.09272460611643
  2.09365259309882
  2.09458058008122
  2.09550856706361
    2.096436554046
  2.09736454102839
  2.09829252801078
  2.09922051499318
  2.10014850197557
  2.10107648895796
  2.10192011348741
  2.10268704487781
  2.10345397626822
  2.10422090765862
  2.10498783904903
  2.10575477043944
  2.10652170182984
  2.10728863322025
  2.10805556461065
  2.10882249600106
  2.10951970635598
  2.11021691671089
  2.11091412706581
  2.11161133742072
  2.11230854777564
  2.11300575813055
  2.11370296848547
  2.11440017884038
   2.1150973891953
  2.11579459955021
  2.11649180990513
  2.11718902026004
  2.11788623061496
  2.11858344096987
  2.11928065132479
   2.1199778616797
  2.12067507203462
  2.12130889962999
  2.12194272722537
  2.12257655482075
  2.12321038241612
  2.12378658932101
   2.1243627962259
  2.12493900313079
  2.12551521003568
  2.12603903449467
  2.12656285895366
  2.12708668341264
  2.12761050787163
  2.12813433233062
  2.12865815678961
   2.1291819812486
  2.12970580570759
  2.13022963016658
  2.13075345462557
  2.13127727908456
  2.13180110354355
  2.13232492800254
  2.13284875246153
  2.13337257692052
  2.13389640137951
   2.1344202258385
  2.13494405029749
  2.13542025435111
  2.13589645840474
  2.13637266245837
  2.13684886651199
  2.13732507056562
  2.13780127461925
  2.13815905377299
  2.13851683292672
  2.13884208670285
  2.13916734047898
   2.1394925942551
  2.13978827950613
  2.13998075268238
              2.14